20
0.000135
0.000016
0.000158
0.000017
0.002098
0.000051
0.000009
0.000001
0.000017
0.024214
0.000039
0.000001
0.015306
0.003595
0.000169
0.000107
0.000063
0.004421
0.000058
0.000403
0.000720
0.000020
0.000551
0.007130
0.000023
0.000012
0.000008
0.021096
0.000331
0.000586
0.000116
0.000049
0.000537
0.000707
0.000020
0.000143
0.000007
0.000004
0.000014
0.000001
0.000261
0.000066
0.000023
0.000007
0.000001
0.002498
0.000091
0.001315
0.000003
0.000001
0.000003
0.000092
0.006077
0.000001
0.000001
0.000005
0.010015
0.014766
0.000140
0.000001
0.000506
0.000135
0.000161
0.000002
0.000003
0.000132
0.014553
0.000003
0.000003
0.000002
0.000001
0.000001
0.006384
0.009133
0.000013
0.000010
0.000006
0.000001
0.000091
0.000418
0.000001
0.000001
0.000005
0.000001
0.042660
0.000141
0.000051
0.006110
0.000885
0.000002
0.011389
0.000001
0.000511
0.001428
0.000127
0.017955
0.031778
0.000533
0.000254
0.009462
0.000110
0.000004
0.000348
0.001999
0.000479
0.015410
0.000015
0.000008
0.000928
0.000014
0.000002
0.000002
0.000002
0.000001
0.000001
0.000001
0.018058
0.000777
0.000301
0.002068
0.000037
0.000001
0.010652
0.000360
0.000002
0.001255
0.000006
0.000002
0.023009
0.008338
0.000001
0.001372
0.000001
0.000001
0.000002
0.000001
0.000039
0.000001
0.000001
0.001197
0.000008
0.000309
0.000082
0.005395
0.000005
0.000054
0.004503
0.000041
0.000009
0.000041
0.000018
0.000035
0.001568
0.000008
0.000311
0.001090
0.000006
0.001493
0.000010
0.000149
0.000053
0.021830
0.010406
0.000376
0.000882
0.010503
0.000017
0.038982
0.000029
0.000023
0.000041
0.000531
0.000041
0.000066
0.002655
0.000023
0.004838
0.000023
0.000570
0.000091
0.001437
0.000019
0.000333
0.004066
0.003211
0.000003
0.000010
0.000077
0.000017
0.011253
0.003744
0.000002
0.002214
0.032934
0.000008
0.000001
0.000003
0.000003
0.000343
0.000004
0.000008
0.000793
0.003267
0.000295
0.000119
0.000038
0.001604
0.002391
0.033564
0.000133
0.000359
0.002190
0.000031
0.000034
0.000944
0.000009
0.000001
0.014046
0.004167
0.000066
0.000034
0.000016
0.007192
0.000139
0.000422
0.003327
0.000051
0.000037
0.000043
0.000732
0.000016
0.000011
0.032897
0.009463
0.003754
0.001726
0.000026
0.000014
0.000009
0.000002
0.000223
0.000008
0.000057
0.000011
0.012190
0.000002
0.000037
0.000006
0.000061
0.000002
0.017165
0.014336
0.012679
0.001371
0.000040
0.000005
0.000004
0.000002
0.000002
0.000021
0.000004
0.000661
0.000001
0.009853
0.004197
0.000001
0.000003
0.000722
0.000004
0.001884
0.000019
0.002688
0.000012
0.000011
0.013577
0.000001
0.002213
0.001655
0.000336
0.000032
0.001534
0.006584
0.000662
0.000783
0.000012
0.000006
0.003268
0.006489
0.000003
0.000001
0.000005
0.000003
0.000002
0.000058
0.000041
0.000055
0.006668
0.000040
0.000001
0.001567
0.000005
0.000004
0.002854
0.000097
0.000947
0.000131
0.000098
0.007084
0.005626
0.001048
0.000572
0.006862
0.001716
0.000254
0.000274
0.000037
0.000214
0.000026
0.012317
0.024992
0.000209
0.000596
0.000064
0.000019
0.000040
0.023317
0.000067
0.000127
0.000030
0.000054
0.000076
0.000007
0.000006
0.001188
0.007079
0.006821
0.011135
0.000005
0.000004
0.000004
0.011163
0.009754
0.000004
0.000002
0.000052
0.000152
0.000001
0.000001
0.000002
0.005886
0.000002
0.000001
0.000036
0.000260
0.000253
0.000008
0.000206
0.000016
0.000001
0.000924
0.000001
0.000001
0.000027
0.000003
0.000136
0.000140
0.000001
0.000005
0.000001
0.000017
0.000765
0.004877
0.008676
0.000847
0.000001
0.000002
0.011256
0.022926
0.005712
0.001538
0.001170
0.009128
0.006701
0.000012
0.000087
0.000192
0.000094
0.000018
0.002270
0.000023
0.000006
0.000511
0.000006
0.000219
0.000074
0.000002
0.000193
0.000001
0.000001
0.003006
