10
0.065188
0.003557
0.005866
0.021882
0.002340
0.003094
0.004189
0.000150
0.000089
0.015778
0.002171
0.001749
0.001151
0.000111
0.007372
0.000761
0.000475
0.025569
0.004236
0.052954
0.010562
0.018286
0.005430
0.010436
0.005374
0.015057
0.003188
0.001286
0.000614
0.000226
0.001680
0.028010
0.014281
0.001336
0.018056
0.002597
0.002896
0.002136
0.000572
0.000268
0.007230
0.001229
0.000710
0.021652
0.000451
0.000281
0.000214
0.001529
0.000570
0.000112
0.000690
0.002230
0.001571
0.041510
0.000065
0.037125
0.000180
0.000088
0.005229
0.001881
0.026700
0.010163
0.000766
0.027135
0.000721
0.002805
0.000141
0.056074
0.000206
0.000908
0.000062
0.001152
0.000082
0.007331
0.026916
0.002643
0.022936
0.011029
0.008441
0.004344
0.006246
0.003292
0.001290
0.080785
0.000789
0.007667
0.000620
0.005393
0.000203
0.010557
0.002604
0.040184
0.005909
0.020600
0.033351
0.006067
0.007281
0.066521
0.003151
0.001415
